name: CoordiNote
channels:
  - conda-forge
dependencies:
  - argon2-cffi=25.1.0=pyhd8ed1ab_0
  - argon2-cffi-bindings=25.1.0=py314h5a2d7ad_2
  - bcrypt=5.0.0=py314h9f07db2_1
  - blinker=1.9.0=pyhff2d567_0
  - bzip2=1.0.8=h0ad9c76_8
  - ca-certificates=2026.1.4=h4c7d964_0
  - cffi=2.0.0=py314h5a2d7ad_1
  - click=8.3.1=pyha7b4d00_1
  - colorama=0.4.6=pyhd8ed1ab_1
  - cryptography=46.0.5=py314he884d78_0
  - flask=3.1.2=pyhd8ed1ab_0
  - icu=78.2=h637d24d_0
  - importlib-metadata=8.7.0=pyhe01879c_1
  - itsdangerous=2.2.0=pyhd8ed1ab_1
  - jinja2=3.1.6=pyhcf101f3_1
  - krb5=1.21.3=hdf4eb48_0
  - libexpat=2.7.3=hac47afa_0
  - libffi=3.5.2=h3d046cb_0
  - liblzma=5.8.2=hfd05255_0
  - libmpdec=4.0.0=hfd05255_1
  - libpq=18.2=h9e1d4a5_0
  - libsqlite=3.51.2=hf5d6505_0
  - libzlib=1.3.1=h2466b09_2
  - markupsafe=3.0.3=pyh7db6752_0
  - openssl=3.6.1=hf411b9b_1
  - passlib=1.7.4=pyhd8ed1ab_2
  - pip=26.0.1=pyh145f28c_0
  - psycopg2=2.9.11=py314h3cd40a6_0
  - pycparser=2.22=pyh29332c3_1
  - python=3.14.3=h4b44e0e_101_cp314
  - python-dotenv=1.2.1=pyhcf101f3_0
  - python_abi=3.14=8_cp314
  - tk=8.6.13=h6ed50ae_3
  - typing-extensions=4.15.0=h396c80c_0
  - typing_extensions=4.15.0=pyhcf101f3_0
  - tzdata=2025c=hc9c84f9_1
  - ucrt=10.0.26100.0=h57928b3_0
  - vc=14.3=h41ae7f8_34
  - vc14_runtime=14.44.35208=h818238b_34
  - vcomp14=14.44.35208=h818238b_34
  - werkzeug=3.1.5=pyhcf101f3_0
  - zipp=3.23.0=pyhcf101f3_1
  - zstd=1.5.7=h534d264_6
prefix: C:\Users\marie\miniforge3\envs\CoordiNote
